$ANSIBLE_VAULT;1.1;AES256
35636530343835366332626432633634633761353632613563306235393166343731623737323061
3431306162613336333065323664663938643462653064300a653432323436303661643034343231
39343163313764613461346564656432323065383933366336316464373631666161343533336562
3839343064343138380a646132323433636436363535393431356335656233366235656364373862
33393066623062626639373965346436313433623338396232653030316263393333323439396265
65366434613937623865333861663636646431386162653438393864643231643231366265653862
39643466653839356361383531643934333466386133353435396338383333393831316137393061
65303764303537356466353330393139336265363562616663366236656435343661633533626361
66323236323634326131353737353964383930633836656563656635306664373931643164653663
39633437306437303236633135313939626538306236643665623033306266373530633631306330
65323837336530353437386465323032303662383532353966323438333033663263343131646138
30663830653462613032366335363033306566666233333035333534333735343063353436613961
35643264363366336263356339633466663531356637323033346162633466306136633934633637
62326432326235303430383262643164376339306535393730613061306337616530366463316261
30316563653463383836363432343765326137323865633963333035393863366539643366323062
65323532646466666463316431623530396566333533323936656136653733336664653431626634
65373065643031336439323535313432356231623130383666323834643564393363616162646336
33613766626534626461336637333562336635336635363133396265333838313534353463313161
66383832656439663939643764323164356262636465363934643031393137323764363938343865
66613231663565373639363732616161633664666162353134323261333035663432613663333635
30333833343133393731306666363838306339366534363839323165383831626131356433333963
34333934363162356436303166633564643361643039356539383131653765636334346630346338
30353931616165313161353334313335343366613138323563386632356435653836613634643239
30633034313165636637363331663365396536343535303531646563383561396434613335333862
38393262663036626565333831363831353465663235666333303130623563356334363765393333
38303132333966653934613263333263363365623533353562633565346132396562323439663332
62393034306630383539313332653934666536353262313665636531333634383038646664373366
35353862313735346434653366376131336666313135623361323264393239633631346533623033
63653932666438393264303631336666643430343062386432613031633764343563376339323734
34323830373861356434666133313833643533356463356533653039316139613431643637343066
38666165323433626537353037333863316433663038303830326435386562633937366564316235
38346234613632643937316239623765303464653331353538313437316261303236636636393039
6232
