$ANSIBLE_VAULT;1.1;AES256
66393135306363646261653030313338643438316465386562653937646132646232613466353363
3365643465363835336233356231313064666665326262640a333232666233636262386561656461
63316665333066653235373138313263653234643335613961643036336439326464366437356439
3134666336303034640a613037353562323333313535643363396262663534616432336336303762
63633663666564316339353561376231383335343564663863366161346266346561303433386435
33303231303433376130303564366535353836373561386661376136363932333834363664366337
34363732356436323761643438333137613234343133643637633337656263626139306439323465
36373132666265386365363737353637376666323961613565333231656361396365353835616661
39393831343964313166646136333661323731393337306361333533306438646562313137623234
38366661646565363430633561353833343765646438306532623537383235363730653661633563
31653465656639623538653363383636646636653434396534353565376235303464623364633363
35313238353663646136363835346464333465323739643363373861373666623733396631623838
63363031326366623236653432366565613366336235363633376235666464326637303934343634
35393564373939613965336263353263383264363562626437373664396564326262363733386562
34366666643738326533646563663137316565376336353736363336303963343036623936633462
66323464383731656238643163326338333530653239613736316534653635616435366163323834
34356430323263353363643933353831636332653737303362313064666465346332336664353665
3536396334363437363362363034616535313633313836613730
