$ANSIBLE_VAULT;1.1;AES256
62663930323236376333353464613133386164336132616239353135613738653335316461373531
3438353562366562323463376237393135663230363965380a613333373432616533333366303061
62663262623930316132633166643739613136643130363032386636646534376339616638633437
6232616237346463310a343739626564663633643730653065346561333562333938653463333336
65613936393931303839333464336339656435663662653261656131626632656133313731323762
31623631373631376136346362653833623463616535623338373664373330643864383033343564
35646361663537633237623132393963346334333361633362616333623831643238626364326436
33306338613733383238626138383532353263383166336462363062666362333535396533336166
37343037306362633533333066393661623432623231333462633132373831663431356564373839
36633132306563396164613534633462613230386236376231346634306235366535303063616563
35343434646566396162313030616338356261323230653061616132616232636266343438643736
33333134346634353765363964326463343837363962363435336164353630636237633132376630
37303766393630626366336163643036636561336133373132326636623461643962633636623634
33643633353935613532316636373930393334623265656431363166313331343932303739393863
64343761663962393037366436343530343837613835653534346365646135333634346535616435
34303931396335323737373839346436653262316362633262623037666233386131396532643132
30386435363933646639356236303230616135646164613532663365663234653464373163383732
3563366237336135633932383332633161303165653164616530
